n = 3
(2,1,1) (2,0,2) (B,-,-)     
(3,1,1) (2,1,1) (3,1,1) 
(A,-,-) (2,0,3) (3,0,2)
-----------------------
n = 5
(2,1,3) (2,0,3) (2,0,2) (3,1,1) (B,-,-)
(3,1,3) (3,0,3) (3,1,1) (2,0,1) (3,2,1)
(3,0,1) (2,1,1) (2,1,1) (2,0,1) (3,2,4)
(2,1,1) (3,0,4) (3,1,4) (3,0,4) (2,0,2)
(A,-,-) (3,1,4) (2,1,1) (2,0,2) (2,0,1)
---------------------------------------
n = 10
(3,1,3) (2,0,4) (2,1,1) (2,1,2) (3,2,1) (2,0,2) (3,1,3) (3,2,1) (3,2,4) (B,-,-)
(2,1,3) (3,1,2) (2,0,4) (3,1,1) (2,1,2) (3,1,1) (3,0,2) (3,1,1) (2,1,1) (3,2,1)
(3,2,1) (2,1,2) (3,0,1) (2,1,1) (2,1,1) (2,1,1) (2,1,1) (2,0,1) (3,1,2) (2,0,2)
(2,0,3) (2,1,3) (2,0,1) (3,1,1) (3,2,3) (3,1,3) (2,1,2) (2,1,1) (2,1,4) (3,1,1)
(2,1,1) (3,1,2) (2,0,1) (2,0,1) (2,0,2) (3,0,2) (3,2,3) (2,0,3) (2,1,3) (3,1,2)
(2,1,1) (3,2,3) (2,1,1) (2,0,1) (3,0,4) (2,1,3) (3,0,3) (2,0,4) (3,2,4) (3,1,2)
(3,2,3) (2,1,3) (2,0,1) (2,1,4) (3,2,2) (3,2,2) (3,0,2) (2,0,3) (3,2,1) (2,1,3)
(3,0,1) (2,0,2) (2,0,1) (2,1,2) (3,0,3) (2,1,3) (2,0,2) (2,1,2) (3,1,1) (2,1,1)
(2,1,2) (3,1,2) (2,0,1) (2,0,3) (2,0,1) (2,1,3) (2,0,3) (2,0,2) (3,1,1) (2,0,3)
(A,-,-) (2,0,1) (3,2,1) (3,0,3) (2,1,4) (2,1,3) (2,1,4) (2,0,4) (3,0,1) (3,2,1)
-------------------------------------------------------------------------------
n = 15
(2,0,2) (2,0,3) (3,0,3) (2,1,1) (3,0,2) (3,1,1) (3,1,2) (2,0,3) (3,2,4) (3,2,1) (2,1,4) (2,0,1) (2,1,2) (2,0,3) (B,-,-)
(3,1,1) (2,1,4) (2,1,3) (2,1,2) (2,1,1) (2,1,3) (3,2,1) (3,0,4) (3,2,4) (3,1,2) (3,0,1) (3,0,4) (3,1,1) (2,0,1) (3,2,1)
(3,0,1) (3,0,4) (2,1,1) (2,1,3) (3,2,4) (3,1,4) (3,2,1) (3,0,1) (2,1,1) (2,1,1) (2,1,1) (2,0,1) (2,0,1) (2,1,2) (3,2,3)
(2,1,1) (2,1,1) (3,1,3) (3,2,1) (3,1,1) (3,0,2) (2,0,2) (2,1,1) (2,1,3) (3,1,2) (3,0,2) (2,1,2) (2,1,4) (3,0,1) (2,1,2)
(3,2,3) (2,1,1) (3,0,4) (3,2,4) (2,1,3) (2,1,4) (3,2,2) (2,0,1) (2,1,2) (2,1,4) (3,2,2) (2,1,1) (2,0,2) (3,0,4) (2,1,4)
(2,1,2) (3,1,3) (3,2,2) (3,1,2) (3,0,1) (3,0,2) (3,1,4) (2,0,1) (2,0,2) (2,0,2) (3,1,4) (3,1,3) (2,1,1) (3,1,2) (3,0,1)
(2,0,4) (2,0,2) (3,1,4) (2,0,2) (2,1,4) (2,1,4) (2,0,1) (2,0,1) (3,1,2) (3,1,1) (2,0,3) (3,2,4) (3,2,3) (2,1,1) (2,1,1)
(3,1,3) (3,1,4) (3,0,2) (3,2,2) (3,1,1) (2,0,1) (3,2,2) (2,0,1) (2,1,2) (2,1,4) (2,1,3) (2,0,2) (2,1,3) (2,1,2) (2,1,1)
(2,1,3) (2,1,3) (3,1,3) (2,0,4) (3,0,1) (2,0,2) (3,2,3) (2,0,1) (3,2,3) (2,0,2) (2,0,3) (2,0,2) (3,2,3) (3,1,4) (2,0,3)
(2,0,2) (3,2,1) (3,1,2) (2,0,1) (3,1,4) (2,1,2) (2,1,1) (3,0,1) (3,0,4) (2,0,2) (2,0,3) (3,2,4) (3,0,4) (3,2,1) (3,1,1)
(3,0,4) (2,0,4) (2,0,4) (2,1,3) (3,0,3) (2,0,1) (3,2,1) (2,1,4) (3,1,1) (3,2,1) (2,1,2) (2,1,2) (3,2,2) (3,0,3) (3,2,1)
(2,1,4) (2,0,2) (3,0,4) (3,2,1) (2,1,1) (3,1,1) (2,0,4) (2,1,2) (2,1,2) (3,1,4) (3,0,1) (2,0,1) (3,1,3) (3,1,3) (2,0,4)
(3,2,4) (3,2,1) (2,1,1) (2,0,1) (3,1,3) (2,0,2) (2,1,3) (2,1,1) (2,1,4) (2,0,4) (2,1,1) (2,0,1) (3,1,2) (2,0,1) (3,1,1)
(3,2,1) (2,1,1) (2,0,4) (3,2,3) (2,1,2) (3,0,3) (2,1,3) (2,0,2) (2,1,2) (3,1,1) (2,1,1) (3,2,3) (2,1,3) (2,1,3) (3,1,2)
(A,-,-) (2,1,3) (2,1,4) (2,0,4) (3,0,1) (3,2,1) (2,1,2) (3,1,2) (2,0,4) (2,0,3) (2,0,1) (3,1,2) (2,1,2) (2,0,4) (2,0,1)
-----------------------------------------------------------------------------------------------------------------------